0.0, 1400.0
0.1, 1399.9509526977397
0.2, 1399.803843152443
0.30000000000000004, 1399.5587683632045
0.4, 1399.2158897111274
0.5, 1398.775432534914
0.6, 1398.23768554001
0.7, 1397.6030000445885
0.7999999999999999, 1396.871789066539
0.8999999999999999, 1396.0445262564729
0.9999999999999999, 1395.1217446825542
1.0999999999999999, 1394.1040354737079
1.2, 1392.9920463284445
1.3, 1391.7864798971548
1.4000000000000001, 1390.488092046279
1.5000000000000002, 1389.0976900132341
1.6000000000000003, 1387.6161304613759
1.7000000000000004, 1386.0443174446023
1.8000000000000005, 1384.3832002914453
1.9000000000000006, 1382.633771418665
2.0000000000000004, 1380.797064084453
2.1000000000000005, 1378.8741500913661
2.2000000000000006, 1376.8661374490528
2.3000000000000007, 1374.7741680067159
2.400000000000001, 1372.599415065059
2.500000000000001, 1370.343080977221
2.600000000000001, 1368.006394747894
2.700000000000001, 1365.5906096394706
2.800000000000001, 1363.0970007936664
2.9000000000000012, 1360.5268628766278
3.0000000000000013, 1357.8815077550694
3.1000000000000014, 1355.1622622104878
3.2000000000000015, 1352.3704656979814
3.3000000000000016, 1349.507468155684
3.4000000000000017, 1346.5746278702632
3.5000000000000018, 1343.573309403407
3.600000000000002, 1340.5048815836622
3.700000000000002, 1337.3707155674526
3.800000000000002, 1334.1721829725745
3.900000000000002, 1330.9106540869411
4.000000000000002, 1327.587496154849
4.100000000000001, 1324.2040717425448
4.200000000000001, 1320.761737184416
4.300000000000001, 1317.2618411106746
4.4, 1313.7057230569962
4.5, 1310.094712156176
4.6, 1306.4301259115032
4.699999999999999, 1302.7132690512155
4.799999999999999, 1298.9454324630879
4.899999999999999, 1295.127892207924
4.999999999999998, 1291.2619086104712
5.099999999999998, 1287.3487254260408
5.1999999999999975, 1283.3895690809325
5.299999999999997, 1279.3856479845683
5.399999999999997, 1275.338151911106
5.4999999999999964, 1271.2482514481644
5.599999999999996, 1267.1170975101982
5.699999999999996, 1262.9458209139696
5.799999999999995, 1258.735532013505
5.899999999999995, 1254.4873203918796
5.999999999999995, 1250.2022546071441
6.099999999999994, 1245.8813819896984
6.199999999999994, 1241.5257284884156
6.299999999999994, 1237.1362985628411
6.399999999999993, 1232.7140751188147
6.499999999999993, 1228.2600194849015
6.5999999999999925, 1223.775071427068
6.699999999999992, 1219.260149199093
6.799999999999992, 1214.7161496262622
6.8999999999999915, 1210.1439482199726
6.999999999999991, 1205.5443993209344
7.099999999999991, 1200.918336268747
7.19999999999999, 1196.2665715956964
7.29999999999999, 1191.5898972427142
7.39999999999999, 1186.8890847955145
7.499999999999989, 1182.1648857390173
7.599999999999989, 1177.418031728253
7.699999999999989, 1172.6492348740262
7.799999999999988, 1167.8591880417057
7.899999999999988, 1163.0485651615948
7.999999999999988, 1158.2180215494184
8.099999999999987, 1153.368194235544
8.199999999999987, 1148.4997023016408
8.299999999999986, 1143.6131472235534
8.399999999999986, 1138.7091132192493
8.499999999999986, 1133.78816760077
8.599999999999985, 1128.8508611291886
8.699999999999985, 1123.897728371645
8.799999999999985, 1118.929288059601
8.899999999999984, 1113.946043447514
8.999999999999984, 1108.9484826711966
9.099999999999984, 1103.9370791051806
9.199999999999983, 1098.9122917184684
9.299999999999983, 1093.8745654280979
9.399999999999983, 1088.8243314500037
9.499999999999982, 1083.7620076467051
9.599999999999982, 1078.6879988713895
9.699999999999982, 1073.6026973080127
9.799999999999981, 1068.5064828070667
9.89999999999998, 1063.3997232167126
9.99999999999998, 1058.2827747090041
10.09999999999998, 1053.1559821009635
10.19999999999998, 1048.019679170305
10.29999999999998, 1042.8741889656228
10.399999999999979, 1037.7198241108943
10.499999999999979, 1032.5568871041714
10.599999999999978, 1027.3856706103538
10.699999999999978, 1022.2064577479641
10.799999999999978, 1017.0195223698615
10.899999999999977, 1011.8251293378476
10.999999999999977, 1006.6235347911395
11.099999999999977, 1001.4149864086963
11.199999999999976, 996.1997236654016
11.299999999999976, 990.9779780821156
11.399999999999975, 985.7499734696254
11.499999999999975, 980.515926166529
11.599999999999975, 975.2760452711002
11.699999999999974, 970.030532867192
11.799999999999974, 964.7795842442374
11.899999999999974, 959.523388111423
11.999999999999973, 954.2621268061091
12.099999999999973, 948.9959764965791
12.199999999999973, 943.7251073792038
12.299999999999972, 938.4496838701141
12.399999999999972, 933.169864791475
12.499999999999972, 927.8858035524586
12.599999999999971, 922.597648325016
12.69999999999997, 917.3055422145533
12.79999999999997, 912.0096234256106
12.89999999999997, 906.7100254226552
12.99999999999997, 901.4068770860899
13.09999999999997, 896.100302863588
13.199999999999969, 890.7904229168585
13.299999999999969, 885.4773532639505
13.399999999999968, 880.1612059172058
13.499999999999968, 874.8420890169624
13.599999999999968, 869.5201069611162
13.699999999999967, 864.1953605306504
13.799999999999967, 858.8679470112312
13.899999999999967, 853.5379603109754
13.999999999999966, 848.2054910744932
14.099999999999966, 842.8706267933055
14.199999999999966, 837.5334519127337
14.299999999999965, 832.1940479353626
14.399999999999965, 826.8524935211719
14.499999999999964, 821.5088645844271
14.599999999999964, 816.1632343874276
14.699999999999964, 810.8156736311994
14.799999999999963, 805.4662505432244
14.899999999999963, 800.1150309622891
14.999999999999963, 794.7620784205444
15.099999999999962, 789.4074542228527
15.199999999999962, 784.0512175235122
15.299999999999962, 778.6934254004284
15.399999999999961, 773.3341329268221
15.499999999999961, 767.9733932405386
15.59999999999996, 762.6112576110398
15.69999999999996, 757.2477755041491
15.79999999999996, 751.8829946446175
15.89999999999996, 746.5169610765835
15.99999999999996, 741.1497192219892
16.09999999999996, 735.7813119370206
16.19999999999996, 730.4117805666343
16.29999999999996, 725.0411649972299
16.399999999999963, 719.6695037075332
16.499999999999964, 714.2968338177396
16.599999999999966, 708.9231911369844
16.699999999999967, 703.5486102091853
16.79999999999997, 698.1731243573162
16.89999999999997, 692.7967657261613
16.99999999999997, 687.4195653236001
17.099999999999973, 682.0415530604713
17.199999999999974, 676.6627577890653
17.299999999999976, 671.2832073402844
17.399999999999977, 665.9029285595248
17.49999999999998, 660.5219473413124
17.59999999999998, 655.140288662744
17.69999999999998, 649.7579766157654
17.799999999999983, 644.3750344383321
17.899999999999984, 638.9914845444878
17.999999999999986, 633.6073485533938
18.099999999999987, 628.2226473173531
18.19999999999999, 622.8374009488538
18.29999999999999, 617.4516288466732
18.39999999999999, 612.0653497210681
18.499999999999993, 606.6785816180875
18.599999999999994, 601.2913419430351
18.699999999999996, 595.9036474831113
18.799999999999997, 590.5155144292605
18.9, 585.1269583972586
19.0, 579.7379944480537
19.1, 574.3486371074023
19.200000000000003, 568.9589003848077
19.300000000000004, 563.5687977918004
19.400000000000006, 558.1783423595717
19.500000000000007, 552.7875466559896
19.60000000000001, 547.3964228020162
19.70000000000001, 542.0049824875451
19.80000000000001, 536.6132369866854
19.900000000000013, 531.2211971725019
20.000000000000014, 525.8288735312414
20.100000000000016, 520.4362761760528
20.200000000000017, 515.0434148602262
20.30000000000002, 509.65029898996306
20.40000000000002, 504.25693763669767
20.50000000000002, 498.86333954897975
20.600000000000023, 493.46951316394234
20.700000000000024, 488.0754666183592
20.800000000000026, 482.68120775931584
20.900000000000027, 477.2867441544996
21.00000000000003, 471.8920831021279
21.10000000000003, 466.4972316405241
21.20000000000003, 461.10219655735534
21.300000000000033, 455.70698439854186
21.400000000000034, 450.3116014768524
21.500000000000036, 444.91605388019434
21.600000000000037, 439.52034747960863
21.70000000000004, 434.12448793698525
21.80000000000004, 428.7284807124993
21.90000000000004, 423.33233107179024
22.000000000000043, 417.93604409288025
22.100000000000044, 412.5396246728517
22.200000000000045, 407.14307753428454
22.300000000000047, 401.7464072314672
22.40000000000005, 396.34961815638576
22.50000000000005, 390.95271454450244
22.60000000000005, 385.55570048032564
22.700000000000053, 380.1585799027848
22.800000000000054, 374.76135661041417
22.900000000000055, 369.3640342663507
23.000000000000057, 363.9666164031569
23.10000000000006, 358.56910642746834
23.20000000000006, 353.1715076244807
23.30000000000006, 347.77382316227454
23.400000000000063, 342.37605609598563
23.500000000000064, 336.9782093718304
23.600000000000065, 331.58028583098303
23.700000000000067, 326.1822882133206
23.800000000000068, 320.78421916102957
23.90000000000007, 315.386081222088
24.00000000000007, 309.98787685362186
24.100000000000072, 304.5896084251417
24.200000000000074, 299.19127822166615
24.300000000000075, 293.79288844673147
24.400000000000077, 288.3944412252963
24.500000000000078, 282.99593860654136
24.60000000000008, 277.59738256657147
24.70000000000008, 272.19877501101905
24.800000000000082, 266.8001177775559
24.900000000000084, 261.40141263831674
25.000000000000085, 256.0026613022346
25.100000000000087, 250.60386541729395
25.200000000000088, 245.20502657270276
25.30000000000009, 239.80614630099012
25.40000000000009, 234.4072260800233
25.500000000000092, 229.0082673349607
25.600000000000094, 223.60927144012703
25.700000000000095, 218.21023972082867
25.800000000000097, 212.81117345510097
25.900000000000098, 207.41207387539203
26.0000000000001, 202.0129421701904
26.1000000000001, 196.6137794855906
26.200000000000102, 191.214586926807
26.300000000000104, 185.8153655596293
26.400000000000105, 180.41611641183022
26.500000000000107, 175.01684047452022
26.600000000000108, 169.61753870345524
26.70000000000011, 164.2182120202972
26.80000000000011, 158.81886131383135
26.900000000000112, 153.4194874411362
27.000000000000114, 148.02009122871732
27.100000000000115, 142.62067347359448
27.200000000000117, 137.22123494435596
27.300000000000118, 131.82177638217172
27.40000000000012, 126.42229850177091
27.50000000000012, 121.0228019923843
27.600000000000122, 115.62328751865698
27.700000000000124, 110.22375572152077
27.800000000000125, 104.82420721904305
27.900000000000126, 99.4246426072416
28.000000000000128, 94.02506246087114
28.10000000000013, 88.62546733418071
28.20000000000013, 83.22585776164738
28.300000000000132, 77.8262342586795
28.400000000000134, 72.42659732229708
28.500000000000135, 67.0269474317895
28.600000000000136, 61.6272850493458
28.700000000000138, 56.2276106206657
28.80000000000014, 50.82792457554797
28.90000000000014, 45.42822732845798
29.000000000000142, 40.028519279072725
29.100000000000144, 34.62880081281037
29.200000000000145, 29.229072301339556
29.300000000000146, 23.829334103066913
29.400000000000148, 18.429586563613157
29.50000000000015, 13.02983001626717
29.60000000000015, 7.6300647824273256
29.700000000000152, 2.230291172024863
29.800000000000153, 0
